3,2
3,1
3,3
10,189
10,274
10,244
10,32
10,223
10,261
10,145
10,1
10,171
10,2
10,3
11,17
11,20
11,6
11,15
11,30
11,28
11,27
11,1
11,12
11,2
11,3
9,7
9,6
9,1
9,4
9,2
9,3
8,17
8,15
8,12
8,13
8,1
8,8
8,2
8,3
12,2
12,1
12,3
20,2
20,1
20,3
19,2
19,1
19,3
18,1
18,3
14,1
14,3
13,1
13,3
2,2
2,1
2,3
55,3
55,2
55,1
55,0
54,3
54,2
54,1
54,0
29,2
0,472
0,386
0,243
0,0
56,34
56,33
56,32
56,31
56,30
56,29
56,28
56,27
56,26
56,25
56,24
56,23
56,22
56,21
56,20
56,19
56,18
56,17
56,16
56,15
56,14
56,13
56,12
56,11
56,10
56,9
56,8
56,7
56,6
56,5
